sym
0.0000,0.0000,0.0000,0.0000,0.0000,0.0082,0.0000,0.0000,0.3608,0.0000
0.0000,0.0000,0.0000,0.0000,0.0000,0.0000,0.0000,0.5866,0.0000,0.2177
0.0000,0.0000,0.0000,0.0699,0.3177,0.0000,0.0495,0.0000,0.0000,0.0000
0.0000,0.0000,0.0699,0.0000,0.4173,0.0000,0.0057,0.0000,0.0000,0.0000
0.0000,0.0000,0.3177,0.4173,0.0000,0.0000,0.0390,0.0000,0.0000,0.0000
0.0082,0.0000,0.0000,0.0000,0.0000,0.0000,0.0000,0.0000,0.0664,0.0000
0.0000,0.0000,0.0495,0.0057,0.0390,0.0000,0.0000,0.0000,0.0000,0.0000
0.0000,0.5866,0.0000,0.0000,0.0000,0.0000,0.0000,0.0000,0.0000,0.1485
0.3608,0.0000,0.0000,0.0000,0.0000,0.0664,0.0000,0.0000,0.0000,0.0000
0.0000,0.2177,0.0000,0.0000,0.0000,0.0000,0.0000,0.1485,0.0000,0.0000

ddg
"0.3689,0.0000,0.0000,0.0000,0.0000,0.0000,0.0000,0.0000,0.0000,0.0000
0.0000,0.8043,0.0000,0.0000,0.0000,0.0000,0.0000,0.0000,0.0000,0.0000
0.0000,0.0000,0.4370,0.0000,0.0000,0.0000,0.0000,0.0000,0.0000,0.0000
0.0000,0.0000,0.0000,0.4929,0.0000,0.0000,0.0000,0.0000,0.0000,0.0000
0.0000,0.0000,0.0000,0.0000,0.7741,0.0000,0.0000,0.0000,0.0000,0.0000
0.0000,0.0000,0.0000,0.0000,0.0000,0.0745,0.0000,0.0000,0.0000,0.0000
0.0000,0.0000,0.0000,0.0000,0.0000,0.0000,0.0942,0.0000,0.0000,0.0000
0.0000,0.0000,0.0000,0.0000,0.0000,0.0000,0.0000,0.7351,0.0000,0.0000
0.0000,0.0000,0.0000,0.0000,0.0000,0.0000,0.0000,0.0000,0.4271,0.0000
0.0000,0.0000,0.0000,0.0000,0.0000,0.0000,0.0000,0.0000,0.0000,0.3662"

norm
"0.0000,0.0000,0.0000,0.0000,0.0000,0.0492,0.0000,0.0000,0.9088,0.0000
0.0000,0.0000,0.0000,0.0000,0.0000,0.0000,0.0000,0.7629,0.0000,0.4011
0.0000,0.0000,0.0000,0.1506,0.5462,0.0000,0.2438,0.0000,0.0000,0.0000
0.0000,0.0000,0.1506,0.0000,0.6756,0.0000,0.0264,0.0000,0.0000,0.0000
0.0000,0.0000,0.5462,0.6756,0.0000,0.0000,0.1446,0.0000,0.0000,0.0000
0.0492,0.0000,0.0000,0.0000,0.0000,0.0000,0.0000,0.0000,0.3720,0.0000
0.0000,0.0000,0.2438,0.0264,0.1446,0.0000,0.0000,0.0000,0.0000,0.0000
0.0000,0.7629,0.0000,0.0000,0.0000,0.0000,0.0000,0.0000,0.0000,0.2862
0.9088,0.0000,0.0000,0.0000,0.0000,0.3720,0.0000,0.0000,0.0000,0.0000
0.0000,0.4011,0.0000,0.0000,0.0000,0.0000,0.0000,0.2862,0.0000,0.0000"

symnmf
"(k=3) 0.0000,0.0093,0.6506
0.6495,0.0000,0.0122
0.0009,0.4929,0.0000
0.0009,0.5235,0.0000
0.0012,0.6560,0.0000
0.0000,0.0041,0.2925
0.0004,0.2289,0.0000
0.6209,0.0000,0.0117
0.0000,0.0100,0.7001
0.4382,0.0000,0.0082"
